Número de productes: 12
1 A
2 B
3 C
4 D
5 E
6 F
7 G
8 H
9 I
10 J
11 K
12 L
Matriu similituds:
0.00000 0.97268 0.18483 0.14044 0.36919 0.81132 0.18937 0.95687 0.52079 0.14088 0.57381 0.22835
0.97268 0.00000 0.06962 0.93420 0.74698 0.66413 0.42737 0.56103 0.13055 0.34671 0.44851 0.63957
0.18483 0.06962 0.00000 0.55690 0.36956 0.74363 0.42657 0.66737 0.77149 0.79231 0.14335 0.17300
0.14044 0.93420 0.55690 0.00000 0.41297 0.53418 0.34043 0.36011 0.44233 0.57662 0.64852 0.43453
0.36919 0.74698 0.36956 0.41297 0.00000 0.63659 0.26247 0.89716 0.62808 0.09281 0.74504 0.57513
0.81132 0.66413 0.74363 0.53418 0.63659 0.00000 0.95132 0.88963 0.08708 0.73284 0.96888 0.04132
0.18937 0.42737 0.42657 0.34043 0.26247 0.95132 0.00000 0.06206 0.84033 0.79142 0.88393 0.18054
0.95687 0.56103 0.66737 0.36011 0.89716 0.88963 0.06206 0.00000 0.60597 0.81093 0.73034 0.47415
0.52079 0.13055 0.77149 0.44233 0.62808 0.08708 0.84033 0.60597 0.00000 0.61522 0.73043 0.72195
0.14088 0.34671 0.79231 0.57662 0.09281 0.73284 0.79142 0.81093 0.61522 0.00000 0.16098 0.11906
0.57381 0.44851 0.14335 0.64852 0.74504 0.96888 0.88393 0.73034 0.73043 0.16098 0.00000 0.76886
0.22835 0.63957 0.17300 0.43453 0.57513 0.04132 0.18054 0.47415 0.72195 0.11906 0.76886 0.00000
