Número de productes: 7
1 A
2 B
3 C
4 D
5 E
6 F
7 G
Matriu similituds:
0.00000 0.09485 0.28456 0.36477 0.58908 0.91403 0.81398
0.09485 0.00000 0.29065 0.74844 0.23109 0.24476 0.95070
0.28456 0.29065 0.00000 0.17917 0.30457 0.20610 0.97164
0.36477 0.74844 0.17917 0.00000 0.79516 0.67830 0.07842
0.58908 0.23109 0.30457 0.79516 0.00000 0.09545 0.17957
0.91403 0.24476 0.20610 0.67830 0.09545 0.00000 0.68593
0.81398 0.95070 0.97164 0.07842 0.17957 0.68593 0.00000
