Número de productes: 6
1 A
2 B
3 C
4 D
5 E
6 F
Matriu similituds:
0.00000 0.45784 0.68748 0.98510 0.18184 0.04261
0.45784 0.00000 0.09112 0.87065 0.56858 0.00495
0.68748 0.09112 0.00000 0.34765 0.43422 0.42133
0.98510 0.87065 0.34765 0.00000 0.06419 0.57792
0.18184 0.56858 0.43422 0.06419 0.00000 0.63551
0.04261 0.00495 0.42133 0.57792 0.63551 0.00000
