Número de productes: 8
1 A
2 B
3 C
4 D
5 E
6 F
7 G
8 H
Matriu similituds:
0.00000 0.46646 0.94469 0.11667 0.82775 0.57946 0.61418 0.09825
0.46646 0.00000 0.07013 0.38413 0.60999 0.32479 0.18412 0.32927
0.94469 0.07013 0.00000 0.69199 0.04867 0.62500 0.67403 0.64539
0.11667 0.38413 0.69199 0.00000 0.03850 0.62351 0.29026 0.41870
0.82775 0.60999 0.04867 0.03850 0.00000 0.78808 0.05108 0.97955
0.57946 0.32479 0.62500 0.62351 0.78808 0.00000 0.87722 0.90796
0.61418 0.18412 0.67403 0.29026 0.05108 0.87722 0.00000 0.77850
0.09825 0.32927 0.64539 0.41870 0.97955 0.90796 0.77850 0.00000
