Número de productes: 13
1 A
2 B
3 C
4 D
5 E
6 F
7 G
8 H
9 I
10 J
11 K
12 L
13 M
Matriu similituds:
0.00000 0.05106 0.73558 0.18831 0.27750 0.97727 0.66924 0.32752 0.96487 0.78827 0.25425 0.90150 0.00003
0.05106 0.00000 0.88362 0.80231 0.73206 0.70288 0.17946 0.10532 0.26612 0.85857 0.28314 0.60586 0.56905
0.73558 0.88362 0.00000 0.19978 0.54477 0.50293 0.96160 0.40617 0.53921 0.75898 0.01137 0.01305 0.71682
0.18831 0.80231 0.19978 0.00000 0.80234 0.56502 0.45260 0.47113 0.33605 0.18647 0.95441 0.82297 0.20760
0.27750 0.73206 0.54477 0.80234 0.00000 0.10178 0.12560 0.37892 0.96416 0.94461 0.80396 0.07045 0.09196
0.97727 0.70288 0.50293 0.56502 0.10178 0.00000 0.01992 0.36077 0.59326 0.54164 0.74401 0.10435 0.62866
0.66924 0.17946 0.96160 0.45260 0.12560 0.01992 0.00000 0.28377 0.92757 0.04627 0.50441 0.03329 0.87080
0.32752 0.10532 0.40617 0.47113 0.37892 0.36077 0.28377 0.00000 0.15440 0.20354 0.91504 0.16508 0.30192
0.96487 0.26612 0.53921 0.33605 0.96416 0.59326 0.92757 0.15440 0.00000 0.91673 0.39124 0.15573 0.72971
0.78827 0.85857 0.75898 0.18647 0.94461 0.54164 0.04627 0.20354 0.91673 0.00000 0.70219 0.06056 0.55319
0.25425 0.28314 0.01137 0.95441 0.80396 0.74401 0.50441 0.91504 0.39124 0.70219 0.00000 0.77196 0.30774
0.90150 0.60586 0.01305 0.82297 0.07045 0.10435 0.03329 0.16508 0.15573 0.06056 0.77196 0.00000 0.03117
0.00003 0.56905 0.71682 0.20760 0.09196 0.62866 0.87080 0.30192 0.72971 0.55319 0.30774 0.03117 0.00000
