Número de productes: 10
1 A
2 B
3 C
4 D
5 E
6 F
7 G
8 H
9 I
10 J
Matriu similituds:
0.00000 0.92974 0.85212 0.30896 0.94494 0.84269 0.34391 0.14518 0.89407 0.27349
0.92974 0.00000 0.64355 0.64733 0.79129 0.69330 0.81642 0.51880 0.96888 0.54427
0.85212 0.64355 0.00000 0.63144 0.61301 0.66012 0.17767 0.22793 0.76327 0.83584
0.30896 0.64733 0.63144 0.00000 0.24492 0.68970 0.60324 0.88317 0.31064 0.68394
0.94494 0.79129 0.61301 0.24492 0.00000 0.65516 0.93225 0.85875 0.44294 0.01383
0.84269 0.69330 0.66012 0.68970 0.65516 0.00000 0.07832 0.53831 0.40215 0.08716
0.34391 0.81642 0.17767 0.60324 0.93225 0.07832 0.00000 0.36541 0.11809 0.16517
0.14518 0.51880 0.22793 0.88317 0.85875 0.53831 0.36541 0.00000 0.44549 0.25821
0.89407 0.96888 0.76327 0.31064 0.44294 0.40215 0.11809 0.44549 0.00000 0.84092
0.27349 0.54427 0.83584 0.68394 0.01383 0.08716 0.16517 0.25821 0.84092 0.00000
