Número de productes: 9
1 A
2 B
3 C
4 D
5 E
6 F
7 G
8 H
9 I
Matriu similituds:
0.00000 0.20799 0.92932 0.84389 0.93774 0.64049 0.22454 0.97025 0.11396
0.20799 0.00000 0.84716 0.38493 0.35066 0.96028 0.95351 0.26018 0.59450
0.92932 0.84716 0.00000 0.36281 0.91114 0.33846 0.19351 0.95850 0.58570
0.84389 0.38493 0.36281 0.00000 0.31056 0.95660 0.76787 0.02350 0.16278
0.93774 0.35066 0.91114 0.31056 0.00000 0.28249 0.18696 0.92721 0.09323
0.64049 0.96028 0.33846 0.95660 0.28249 0.00000 0.59197 0.72242 0.42500
0.22454 0.95351 0.19351 0.76787 0.18696 0.59197 0.00000 0.33808 0.70781
0.97025 0.26018 0.95850 0.02350 0.92721 0.72242 0.33808 0.00000 0.08047
0.11396 0.59450 0.58570 0.16278 0.09323 0.42500 0.70781 0.08047 0.00000
