Número de productes: 20
1 A
2 B
3 C
4 D
5 E
6 F
7 G
8 H
9 I
10 J
11 K
12 L
13 M
14 N
15 O
16 P
17 Q
18 R
19 S
20 T
Matriu similituds:
0.00000 0.73639 0.00010 0.97163 0.92749 0.15400 0.53205 0.01786 0.47106 0.00130 0.88941 0.83608 0.41435 0.07735 0.57268 0.89947 0.39597 0.09282 0.92841 0.64240
0.73639 0.00000 0.34379 0.83014 0.36315 0.99581 0.77337 0.84792 0.37323 0.54919 0.80897 0.93563 0.69996 0.45493 0.26029 0.48200 0.20508 0.46651 0.19163 0.71181
0.00010 0.34379 0.00000 0.37588 0.47856 0.53522 0.77079 0.19213 0.64008 0.01277 0.34993 0.10220 0.92342 0.13248 0.74784 0.24921 0.60093 0.98277 0.30960 0.58981
0.97163 0.83014 0.37588 0.00000 0.16545 0.41975 0.19568 0.86395 0.22292 0.15962 0.80178 0.03132 0.94879 0.82199 0.39797 0.37151 0.52512 0.94805 0.92015 0.74948
0.92749 0.36315 0.47856 0.16545 0.00000 0.79014 0.39057 0.18502 0.37355 0.21467 0.38187 0.00283 0.90992 0.52098 0.94811 0.12734 0.34687 0.18419 0.86607 0.18770
0.15400 0.99581 0.53522 0.41975 0.79014 0.00000 0.34356 0.33450 0.54428 0.20193 0.73051 0.88663 0.89069 0.00986 0.61817 0.26836 0.04198 0.59829 0.12991 0.85828
0.53205 0.77337 0.77079 0.19568 0.39057 0.34356 0.00000 0.76559 0.85789 0.78158 0.59906 0.81173 0.87728 0.94526 0.23182 0.98790 0.91714 0.92849 0.16578 0.72726
0.01786 0.84792 0.19213 0.86395 0.18502 0.33450 0.76559 0.00000 0.14643 0.95567 0.16648 0.25536 0.59138 0.79194 0.02866 0.44258 0.80759 0.63502 0.25007 0.67193
0.47106 0.37323 0.64008 0.22292 0.37355 0.54428 0.85789 0.14643 0.00000 0.14293 0.83171 0.48731 0.29143 0.83618 0.69130 0.02462 0.25389 0.39222 0.66572 0.48331
0.00130 0.54919 0.01277 0.15962 0.21467 0.20193 0.78158 0.95567 0.14293 0.00000 0.84185 0.56204 0.87327 0.93795 0.07588 0.91856 0.01356 0.59046 0.87476 0.96521
0.88941 0.80897 0.34993 0.80178 0.38187 0.73051 0.59906 0.16648 0.83171 0.84185 0.00000 0.93912 0.97235 0.21786 0.92678 0.10551 0.02591 0.58414 0.95359 0.95373
0.83608 0.93563 0.10220 0.03132 0.00283 0.88663 0.81173 0.25536 0.48731 0.56204 0.93912 0.00000 0.10255 0.06455 0.08719 0.72861 0.51674 0.74048 0.24916 0.13427
0.41435 0.69996 0.92342 0.94879 0.90992 0.89069 0.87728 0.59138 0.29143 0.87327 0.97235 0.10255 0.00000 0.50984 0.02113 0.79077 0.72497 0.24728 0.63026 0.78364
0.07735 0.45493 0.13248 0.82199 0.52098 0.00986 0.94526 0.79194 0.83618 0.93795 0.21786 0.06455 0.50984 0.00000 0.46756 0.10039 0.42495 0.21782 0.26756 0.56505
0.57268 0.26029 0.74784 0.39797 0.94811 0.61817 0.23182 0.02866 0.69130 0.07588 0.92678 0.08719 0.02113 0.46756 0.00000 0.74247 0.28812 0.40601 0.79306 0.83922
0.89947 0.48200 0.24921 0.37151 0.12734 0.26836 0.98790 0.44258 0.02462 0.91856 0.10551 0.72861 0.79077 0.10039 0.74247 0.00000 0.07777 0.94488 0.36180 0.22287
0.39597 0.20508 0.60093 0.52512 0.34687 0.04198 0.91714 0.80759 0.25389 0.01356 0.02591 0.51674 0.72497 0.42495 0.28812 0.07777 0.00000 0.95129 0.80579 0.19572
0.09282 0.46651 0.98277 0.94805 0.18419 0.59829 0.92849 0.63502 0.39222 0.59046 0.58414 0.74048 0.24728 0.21782 0.40601 0.94488 0.95129 0.00000 0.60951 0.80330
0.92841 0.19163 0.30960 0.92015 0.86607 0.12991 0.16578 0.25007 0.66572 0.87476 0.95359 0.24916 0.63026 0.26756 0.79306 0.36180 0.80579 0.60951 0.00000 0.23860
0.64240 0.71181 0.58981 0.74948 0.18770 0.85828 0.72726 0.67193 0.48331 0.96521 0.95373 0.13427 0.78364 0.56505 0.83922 0.22287 0.19572 0.80330 0.23860 0.00000
