Número de productes: 12
1 A
2 B
3 C
4 D
5 E
6 F
7 G
8 H
9 I
10 J
11 K
12 L
Matriu similituds:
0.00000 0.14420 0.54210 0.06058 0.76914 0.07978 0.94150 0.48493 0.85348 0.73975 0.97504 0.72400
0.14420 0.00000 0.24369 0.65496 0.01979 0.70252 0.84385 0.85835 0.02179 0.99519 0.35680 0.05934
0.54210 0.24369 0.00000 0.85826 0.23909 0.39637 0.11371 0.07145 0.65511 0.56218 0.18080 0.20287
0.06058 0.65496 0.85826 0.00000 0.16432 0.85900 0.15961 0.92258 0.76550 0.18860 0.72732 0.92575
0.76914 0.01979 0.23909 0.16432 0.00000 0.47888 0.04224 0.73843 0.86227 0.91042 0.43710 0.08574
0.07978 0.70252 0.39637 0.85900 0.47888 0.00000 0.43142 0.55628 0.81457 0.39541 0.49982 0.77051
0.94150 0.84385 0.11371 0.15961 0.04224 0.43142 0.00000 0.37340 0.40573 0.41135 0.18830 0.66179
0.48493 0.85835 0.07145 0.92258 0.73843 0.55628 0.37340 0.00000 0.82513 0.96920 0.96821 0.33433
0.85348 0.02179 0.65511 0.76550 0.86227 0.81457 0.40573 0.82513 0.00000 0.09471 0.62175 0.30696
0.73975 0.99519 0.56218 0.18860 0.91042 0.39541 0.41135 0.96920 0.09471 0.00000 0.15792 0.50102
0.97504 0.35680 0.18080 0.72732 0.43710 0.49982 0.18830 0.96821 0.62175 0.15792 0.00000 0.65843
0.72400 0.05934 0.20287 0.92575 0.08574 0.77051 0.66179 0.33433 0.30696 0.50102 0.65843 0.00000
