Número de productes: 200
1 A
2 B
3 C
4 D
5 E
6 F
7 G
8 H
9 I
10 J
11 K
12 L
13 M
14 N
15 O
16 P
17 Q
18 R
19 S
20 T
21 U
22 V
23 W
24 X
25 Y
26 Z
27 A
28 B
29 C
30 D
31 E
32 F
33 G
34 H
35 I
36 J
37 K
38 L
39 M
40 N
41 O
42 P
43 Q
44 R
45 S
46 T
47 U
48 V
49 W
50 X
51 Y
52 Z
53 A
54 B
55 C
56 D
57 E
58 F
59 G
60 H
61 I
62 J
63 K
64 L
65 M
66 N
67 O
68 P
69 Q
70 R
71 S
72 T
73 U
74 V
75 W
76 X
77 Y
78 Z
79 A
80 B
81 C
82 D
83 E
84 F
85 G
86 H
87 I
88 J
89 K
90 L
91 M
92 N
93 O
94 P
95 Q
96 R
97 S
98 T
99 U
100 V
101 W
102 X
103 Y
104 Z
105 A
106 B
107 C
108 D
109 E
110 F
111 G
112 H
113 I
114 J
115 K
116 L
117 M
118 N
119 O
120 P
121 Q
122 R
123 S
124 T
125 U
126 V
127 W
128 X
129 Y
130 Z
131 A
132 B
133 C
134 D
135 E
136 F
137 G
138 H
139 I
140 J
141 K
142 L
143 M
144 N
145 O
146 P
147 Q
148 R
149 S
150 T
151 U
152 V
153 W
154 X
155 Y
156 Z
157 A
158 B
159 C
160 D
161 E
162 F
163 G
164 H
165 I
166 J
167 K
168 L
169 M
170 N
171 O
172 P
173 Q
174 R
175 S
176 T
177 U
178 V
179 W
180 X
181 Y
182 Z
183 A
184 B
185 C
186 D
187 E
188 F
189 G
190 H
191 I
192 J
193 K
194 L
195 M
196 N
197 O
198 P
199 Q
200 R
Matriu similituds:
0.00000 0.42214 0.39101 0.55529 0.70533 0.62916 0.19389 0.95485 0.05812 0.35811 0.79805 0.57996 0.90749 0.89132 0.28287 0.44618 0.37030 0.59095 0.25746 0.16435 0.10567 0.46662 0.54550 0.98688 0.64694 0.53412 0.35428 0.66328 0.89667 0.35958 0.30370 0.59578 0.38213 0.60505 0.33302 0.75559 0.33497 0.79095 0.89426 0.67853 0.03676 0.90562 0.60551 0.03412 0.92062 0.26674 0.92492 0.41074 0.62745 0.93168 0.93454 0.08817 0.42172 0.40296 0.48533 0.12253 0.33039 0.95763 0.71486 0.18058 0.63649 0.01816 0.02117 0.36316 0.62434 0.14012 0.76768 0.65849 0.47642 0.10551 0.99660 0.80950 0.65464 0.00933 0.15295 0.49522 0.17783 0.00457 0.28612 0.12454 0.68397 0.72929 0.59040 0.30017 0.16235 0.49626 0.57654 0.16223 0.67904 0.77224 0.45612 0.08975 0.76533 0.03491 0.01635 0.63333 0.54917 0.77102 0.59035 0.52916 0.75763 0.91582 0.48247 0.26575 0.54645 0.04840 0.90623 0.54246 0.97190 0.96386 0.60299 0.31371 0.91207 0.92567 0.15768 0.70870 0.13619 0.71240 0.26267 0.48224 0.70933 0.81958 0.09127 0.11294 0.14343 0.81066 0.62613 0.15200 0.68229 0.61574 0.26846 0.29710 0.16175 0.26716 0.39986 0.72710 0.13595 0.04235 0.26945 0.46930 0.92172 0.32421 0.79851 0.45302 0.09576 0.21227 0.07556 0.52009 0.33819 0.37950 0.71001 0.96628 0.53777 0.04041 0.67908 0.84839 0.64361 0.11772 0.86806 0.77327 0.84887 0.30232 0.29503 0.97774 0.66751 0.33301 0.30490 0.74929 0.03481 0.75921 0.53626 0.27566 0.02060 0.47995 0.62626 0.30970 0.63664 0.72024 0.41660 0.32332 0.46428 0.63283 0.00811 0.91010 0.25582 0.65633 0.90170 0.94690 0.58510 0.76671 0.39508 0.37836 0.73505 0.59495 0.82064 0.80206 0.69323 0.53803 0.67860 0.87832
0.42214 0.00000 0.00805 0.08549 0.76587 0.37458 0.28984 0.70871 0.19387 0.82643 0.43004 0.44582 0.89578 0.20913 0.08815 0.15493 0.58226 0.98613 0.44515 0.66074 0.72622 0.93937 0.35744 0.83401 0.35479 0.78462 0.89059 0.62324 0.71376 0.74182 0.63744 0.63020 0.72588 0.88872 0.09046 0.87882 0.65916 0.64810 0.00147 0.21999 0.09706 0.40915 0.34423 0.12449 0.71705 0.08769 0.48123 0.01272 0.67141 0.24622 0.28932 0.26515 0.71252 0.70374 0.60660 0.51034 0.89666 0.32057 0.25349 0.37597 0.25189 0.20042 0.01119 0.10722 0.69901 0.28770 0.78680 0.31524 0.75472 0.80674 0.61771 0.14487 0.34153 0.81411 0.06066 0.22865 0.62403 0.32683 0.04176 0.65297 0.97155 0.77107 0.51794 0.42550 0.95961 0.12050 0.39510 0.92455 0.89931 0.99294 0.30478 0.54146 0.50502 0.18556 0.20856 0.33015 0.37797 0.96641 0.48638 0.61310 0.05908 0.98483 0.88076 0.42963 0.30811 0.79122 0.74473 0.06261 0.98599 0.27773 0.07648 0.25191 0.49160 0.10863 0.27243 0.43961 0.12068 0.57096 0.64315 0.49462 0.51334 0.07677 0.85723 0.64515 0.83983 0.16910 0.52377 0.72746 0.46980 0.86610 0.11840 0.69658 0.74710 0.28048 0.85645 0.60983 0.90851 0.98305 0.43433 0.30364 0.57426 0.71692 0.13318 0.06195 0.99216 0.76925 0.59581 0.30718 0.61210 0.33281 0.95532 0.39451 0.09227 0.69303 0.64922 0.13118 0.55908 0.07287 0.81053 0.96940 0.66132 0.22828 0.94656 0.92927 0.96074 0.10543 0.18126 0.75526 0.33995 0.35994 0.40235 0.34333 0.71610 0.21928 0.93825 0.93899 0.73952 0.60744 0.78370 0.64597 0.86789 0.47584 0.20108 0.33179 0.48135 0.96571 0.16569 0.08039 0.24378 0.50231 0.78175 0.67415 0.87225 0.44586 0.20984 0.56043 0.43240 0.97575 0.72347 0.45981
0.39101 0.00805 0.00000 0.96335 0.29625 0.11607 0.29781 0.23691 0.55537 0.37146 0.49174 0.86848 0.67997 0.06372 0.02214 0.50279 0.30651 0.76237 0.81420 0.74787 0.74971 0.39605 0.41509 0.51226 0.13567 0.51243 0.10323 0.13816 0.09857 0.23795 0.98598 0.94527 0.73772 0.16941 0.37214 0.76340 0.56910 0.78540 0.96815 0.73401 0.46813 0.17453 0.76116 0.43080 0.85552 0.43105 0.30977 0.71072 0.73789 0.30922 0.35942 0.00935 0.90719 0.85141 0.38888 0.45710 0.26980 0.42463 0.14645 0.60957 0.70184 0.28815 0.14745 0.85058 0.32586 0.73986 0.20053 0.21963 0.62794 0.07577 0.35312 0.33374 0.92513 0.08696 0.85426 0.52538 0.08464 0.17854 0.64880 0.27942 0.10605 0.14955 0.07318 0.14645 0.86882 0.92367 0.37448 0.87810 0.51235 0.56198 0.88631 0.13035 0.14020 0.09847 0.92228 0.84324 0.54149 0.37569 0.95922 0.15314 0.87607 0.34593 0.28717 0.16849 0.24405 0.72767 0.75520 0.00051 0.66498 0.15190 0.36358 0.95574 0.30411 0.11473 0.93743 0.52330 0.29433 0.41233 0.83159 0.97893 0.73090 0.43588 0.27997 0.96492 0.74457 0.89432 0.31658 0.89348 0.83691 0.25473 0.35978 0.17132 0.58186 0.78388 0.40601 0.06292 0.93101 0.45962 0.90480 0.48933 0.53467 0.77395 0.88606 0.74635 0.51077 0.86935 0.54579 0.05832 0.92512 0.59673 0.23884 0.47866 0.94232 0.55640 0.46980 0.58456 0.09328 0.20208 0.61268 0.56064 0.37997 0.71326 0.66267 0.89572 0.65220 0.98471 0.11835 0.29149 0.25433 0.17927 0.75093 0.93193 0.66773 0.80703 0.05470 0.34191 0.04942 0.78053 0.51949 0.01450 0.98741 0.25314 0.87315 0.48667 0.02741 0.29509 0.65010 0.62183 0.71362 0.49938 0.17887 0.13749 0.71513 0.87118 0.08480 0.68966 0.24271 0.75671 0.67769 0.19854
0.55529 0.08549 0.96335 0.00000 0.07731 0.39407 0.41794 0.76738 0.82546 0.16220 0.82998 0.88528 0.91005 0.11931 0.16172 0.83459 0.84358 0.27904 0.53308 0.69398 0.52453 0.81774 0.67649 0.68246 0.53432 0.60873 0.61290 0.69370 0.15493 0.60294 0.94759 0.58412 0.33281 0.20647 0.33081 0.86826 0.46806 0.32583 0.42135 0.16221 0.76381 0.98657 0.68398 0.32714 0.29034 0.93831 0.13535 0.37069 0.12064 0.60699 0.93642 0.43633 0.08442 0.92789 0.08563 0.52340 0.57831 0.04700 0.32490 0.67395 0.16637 0.75597 0.19085 0.22244 0.50689 0.42192 0.21429 0.41440 0.37927 0.97615 0.11991 0.37634 0.89453 0.35649 0.48828 0.79045 0.58032 0.39822 0.60240 0.33782 0.68665 0.27796 0.40595 0.23742 0.34097 0.45153 0.55947 0.32858 0.14911 0.24725 0.03572 0.46710 0.61668 0.83316 0.31599 0.31892 0.55443 0.88981 0.93734 0.92860 0.58886 0.94030 0.44674 0.06686 0.85149 0.71293 0.93489 0.58964 0.71566 0.85722 0.33995 0.95178 0.87792 0.91603 0.22610 0.54423 0.81685 0.62447 0.93101 0.21226 0.41100 0.29206 0.07094 0.08686 0.16699 0.31642 0.18299 0.94103 0.30862 0.81299 0.10077 0.76099 0.12373 0.63133 0.95754 0.87537 0.96850 0.30799 0.68724 0.77632 0.06372 0.21660 0.15568 0.89525 0.21206 0.14311 0.13273 0.96264 0.29867 0.58853 0.78053 0.75459 0.44122 0.27009 0.70160 0.57451 0.42238 0.32608 0.26493 0.44841 0.87104 0.68952 0.38694 0.63552 0.86512 0.62831 0.42973 0.08768 0.21947 0.03624 0.37310 0.78149 0.16292 0.60363 0.08899 0.05360 0.70117 0.79031 0.12117 0.16080 0.89461 0.48325 0.31850 0.86511 0.74838 0.76299 0.13821 0.96888 0.39669 0.21785 0.32914 0.76226 0.24379 0.54505 0.61095 0.72752 0.71376 0.77132 0.41952 0.89389
0.70533 0.76587 0.29625 0.07731 0.00000 0.86946 0.42823 0.32642 0.34568 0.26756 0.18041 0.76211 0.02230 0.72721 0.00111 0.73769 0.83212 0.93055 0.76251 0.07336 0.94948 0.70591 0.47426 0.33752 0.10232 0.47295 0.05397 0.64619 0.28143 0.42315 0.06721 0.03728 0.55709 0.46565 0.97773 0.73004 0.42714 0.27267 0.16982 0.78326 0.78560 0.97359 0.71855 0.18514 0.37803 0.59672 0.75323 0.81581 0.71016 0.90742 0.41075 0.65433 0.37285 0.21508 0.32772 0.94146 0.75488 0.51446 0.98820 0.35803 0.02678 0.26672 0.34435 0.70581 0.92152 0.84836 0.36177 0.11617 0.71146 0.26979 0.66810 0.47235 0.32655 0.85324 0.77573 0.23954 0.71610 0.48933 0.32176 0.82797 0.08740 0.79598 0.24806 0.04844 0.88487 0.91697 0.64904 0.16050 0.68915 0.32440 0.32733 0.12199 0.66835 0.97677 0.10755 0.88776 0.50126 0.36618 0.00411 0.07501 0.20336 0.62044 0.95316 0.16346 0.25304 0.66202 0.16219 0.69089 0.52673 0.42780 0.28614 0.04754 0.00338 0.64709 0.92492 0.82135 0.36406 0.54463 0.51806 0.61708 0.80672 0.22690 0.48100 0.67924 0.73766 0.95902 0.22838 0.41996 0.52508 0.45869 0.89686 0.55962 0.78062 0.68632 0.00573 0.91605 0.87451 0.68243 0.13623 0.00555 0.45502 0.92509 0.29174 0.21737 0.54866 0.85891 0.79387 0.16262 0.26765 0.69211 0.73281 0.61162 0.74878 0.34679 0.29757 0.85622 0.39973 0.85443 0.32669 0.05237 0.75632 0.26298 0.46181 0.91885 0.23264 0.02695 0.91605 0.67966 0.88831 0.26413 0.97783 0.75598 0.69554 0.13968 0.93271 0.72242 0.17439 0.80226 0.68410 0.98021 0.38594 0.39401 0.65619 0.74028 0.25729 0.67375 0.34004 0.08577 0.27233 0.22859 0.31020 0.60011 0.72029 0.61935 0.07361 0.68118 0.80173 0.25876 0.95092 0.59289
0.62916 0.37458 0.11607 0.39407 0.86946 0.00000 0.16359 0.89482 0.52155 0.01749 0.21312 0.53629 0.69910 0.94964 0.79658 0.74372 0.87061 0.89896 0.30970 0.37651 0.02770 0.27791 0.26929 0.14314 0.39822 0.09993 0.08117 0.44590 0.49567 0.95034 0.22096 0.03099 0.19127 0.19129 0.43123 0.68996 0.34522 0.35368 0.77657 0.26266 0.13329 0.41766 0.95822 0.46101 0.34417 0.44714 0.00460 0.49385 0.19095 0.60698 0.66305 0.58351 0.39111 0.01169 0.72798 0.73638 0.85340 0.36978 0.42665 0.74783 0.12810 0.49036 0.53811 0.86330 0.51505 0.20055 0.24330 0.00065 0.55201 0.15465 0.94035 0.27221 0.54475 0.85577 0.13301 0.01947 0.20811 0.65786 0.92367 0.38633 0.52440 0.08739 0.44193 0.69088 0.89815 0.21421 0.09838 0.68833 0.00308 0.39748 0.13217 0.21718 0.86653 0.06934 0.12728 0.44309 0.36605 0.11043 0.55845 0.36639 0.61300 0.03136 0.21667 0.34571 0.25593 0.90981 0.92189 0.90100 0.90741 0.78807 0.67200 0.98999 0.53693 0.97761 0.08165 0.50839 0.12937 0.51402 0.01459 0.77788 0.24766 0.95299 0.12374 0.01300 0.18493 0.98263 0.31868 0.83678 0.26196 0.85940 0.30227 0.80442 0.52697 0.89568 0.71967 0.98328 0.61633 0.32471 0.86382 0.56668 0.31088 0.63726 0.83432 0.03868 0.31461 0.46301 0.69633 0.46660 0.72315 0.41459 0.64865 0.29718 0.38646 0.92933 0.71011 0.28871 0.66057 0.92923 0.83492 0.98509 0.16892 0.93851 0.52504 0.71695 0.56942 0.30762 0.85620 0.50012 0.01077 0.04151 0.65511 0.37914 0.29390 0.86983 0.32795 0.29312 0.13033 0.21411 0.53580 0.94113 0.53378 0.32420 0.01297 0.55231 0.86193 0.57277 0.89732 0.90853 0.76722 0.68450 0.09042 0.50287 0.25732 0.86794 0.99273 0.27093 0.87301 0.99781 0.57275 0.78260
0.19389 0.28984 0.29781 0.41794 0.42823 0.16359 0.00000 0.75979 0.38127 0.62509 0.44003 0.72922 0.06589 0.05836 0.19253 0.00095 0.08214 0.54822 0.22150 0.24393 0.61328 0.58146 0.78449 0.66797 0.10032 0.94916 0.96736 0.43989 0.56340 0.59278 0.70531 0.87097 0.11194 0.17207 0.89257 0.15913 0.21949 0.80650 0.49479 0.01121 0.40099 0.21482 0.77713 0.11934 0.64889 0.27196 0.12773 0.11084 0.08210 0.49377 0.55912 0.86216 0.51840 0.22239 0.29321 0.09798 0.21013 0.16990 0.59508 0.76247 0.68423 0.18930 0.61117 0.13089 0.13154 0.41493 0.53041 0.54284 0.51660 0.46812 0.45272 0.23199 0.04946 0.67929 0.01713 0.17725 0.53190 0.15582 0.05314 0.82357 0.56661 0.52475 0.86709 0.58375 0.80171 0.95335 0.83980 0.49789 0.76700 0.13445 0.60701 0.37331 0.02312 0.30743 0.87555 0.14533 0.50360 0.40046 0.73078 0.62809 0.94768 0.67167 0.11953 0.44252 0.32423 0.04254 0.11780 0.30106 0.64420 0.25105 0.25072 0.91677 0.29336 0.55182 0.43963 0.37712 0.05115 0.29500 0.19216 0.10793 0.42418 0.43649 0.10064 0.15608 0.64583 0.51719 0.42229 0.12799 0.53296 0.55959 0.77187 0.56551 0.30341 0.77144 0.00310 0.94149 0.90503 0.39102 0.34192 0.06373 0.92207 0.03128 0.47263 0.36945 0.56938 0.88244 0.81043 0.42415 0.65833 0.21764 0.55127 0.32745 0.93081 0.93851 0.19867 0.44660 0.90443 0.11734 0.69177 0.13241 0.93715 0.40064 0.01997 0.37200 0.65966 0.87388 0.29545 0.70723 0.67005 0.61007 0.22846 0.03741 0.71716 0.30719 0.96161 0.09885 0.06442 0.02716 0.58689 0.29623 0.20925 0.41561 0.01295 0.01016 0.50412 0.89902 0.61834 0.32482 0.17252 0.67938 0.15664 0.19467 0.32172 0.10957 0.57087 0.09148 0.26661 0.68037 0.52354 0.79281
0.95485 0.70871 0.23691 0.76738 0.32642 0.89482 0.75979 0.00000 0.70360 0.80881 0.72045 0.49312 0.31722 0.89073 0.29950 0.23775 0.80871 0.73813 0.62754 0.32269 0.90522 0.09828 0.13123 0.72602 0.24240 0.77909 0.09878 0.03958 0.45797 0.59132 0.95024 0.98833 0.09073 0.04356 0.68661 0.40860 0.91302 0.41543 0.04590 0.47993 0.87274 0.64097 0.72594 0.42556 0.17423 0.63339 0.01946 0.86426 0.91497 0.14829 0.30755 0.45003 0.00195 0.40550 0.04289 0.24848 0.90184 0.97307 0.62600 0.70045 0.22552 0.08273 0.49154 0.10634 0.99084 0.10963 0.29267 0.81606 0.65311 0.60914 0.38385 0.56372 0.66225 0.09838 0.30462 0.99763 0.53539 0.37849 0.77772 0.92734 0.37424 0.05014 0.29983 0.64804 0.47315 0.49295 0.01681 0.00579 0.73549 0.69194 0.59382 0.50984 0.14129 0.40581 0.01642 0.89131 0.32898 0.19290 0.62961 0.22957 0.65283 0.83759 0.09785 0.00258 0.74142 0.14218 0.85623 0.53776 0.42992 0.44951 0.69718 0.83801 0.02809 0.45649 0.15480 0.28450 0.90918 0.43346 0.16110 0.20004 0.56259 0.87970 0.38721 0.31688 0.37148 0.80111 0.05294 0.14943 0.95374 0.18224 0.59606 0.47576 0.77325 0.58360 0.23411 0.45701 0.81943 0.85689 0.11177 0.67691 0.69662 0.06115 0.11079 0.16542 0.72149 0.66260 0.90685 0.47544 0.57663 0.70452 0.19399 0.10539 0.14947 0.77917 0.74072 0.54216 0.36049 0.76446 0.41907 0.75829 0.64301 0.11168 0.69589 0.35709 0.35249 0.76449 0.87695 0.81454 0.24079 0.48763 0.65658 0.66308 0.19738 0.45104 0.01818 0.88659 0.68059 0.15645 0.39049 0.83784 0.17780 0.86860 0.26037 0.12329 0.38498 0.60471 0.62681 0.72396 0.74890 0.88048 0.68104 0.28413 0.32409 0.05247 0.83109 0.62300 0.17078 0.26511 0.51205 0.85013
0.05812 0.19387 0.55537 0.82546 0.34568 0.52155 0.38127 0.70360 0.00000 0.35919 0.70606 0.82697 0.20038 0.31239 0.02257 0.32255 0.34220 0.71412 0.95388 0.83536 0.97478 0.12361 0.93255 0.28993 0.22246 0.39778 0.10470 0.26745 0.37037 0.33916 0.72638 0.48935 0.84034 0.38108 0.79373 0.80805 0.84141 0.66274 0.57637 0.14303 0.05534 0.93042 0.03686 0.53384 0.05619 0.10657 0.25155 0.15115 0.75613 0.65655 0.14015 0.53172 0.42640 0.11765 0.99000 0.01926 0.69256 0.46839 0.89528 0.20082 0.90597 0.31711 0.27479 0.89622 0.23827 0.59888 0.65371 0.91084 0.07346 0.31313 0.97496 0.26693 0.80990 0.63216 0.30415 0.99712 0.41757 0.29202 0.73599 0.09628 0.22014 0.93423 0.14228 0.66094 0.07640 0.96278 0.57991 0.30662 0.01331 0.06466 0.95235 0.45062 0.28352 0.75596 0.47871 0.36578 0.32971 0.64953 0.02506 0.35361 0.21649 0.95648 0.69528 0.68860 0.77550 0.42989 0.65783 0.55979 0.90672 0.01101 0.84292 0.08233 0.07999 0.53722 0.87297 0.83125 0.95412 0.84918 0.67531 0.69254 0.08719 0.03782 0.06475 0.31802 0.70344 0.48220 0.16686 0.79007 0.42217 0.13784 0.04450 0.18793 0.56135 0.97715 0.90217 0.04897 0.20863 0.97361 0.37780 0.27469 0.21573 0.49219 0.04946 0.69104 0.03580 0.50609 0.58478 0.53200 0.57969 0.76751 0.65646 0.61599 0.52850 0.11700 0.07948 0.46244 0.43153 0.04125 0.17757 0.23032 0.18691 0.71899 0.36741 0.24854 0.60690 0.61471 0.20483 0.69262 0.61868 0.25759 0.04533 0.76151 0.21220 0.15005 0.97934 0.31285 0.20906 0.19764 0.48456 0.77419 0.64109 0.99727 0.67141 0.20272 0.37593 0.56037 0.53994 0.34645 0.79605 0.80281 0.15385 0.06617 0.76821 0.05441 0.94657 0.24550 0.48708 0.13172 0.34659 0.70034
0.35811 0.82643 0.37146 0.16220 0.26756 0.01749 0.62509 0.80881 0.35919 0.00000 0.40444 0.27252 0.83882 0.89306 0.02165 0.46314 0.38604 0.35976 0.07243 0.05057 0.83700 0.27319 0.99334 0.18093 0.16310 0.92415 0.10306 0.16907 0.85758 0.98393 0.50936 0.15842 0.33246 0.59418 0.00140 0.35327 0.19289 0.76212 0.68091 0.18130 0.58542 0.98523 0.52010 0.92001 0.91188 0.19055 0.42692 0.58197 0.67497 0.99407 0.20320 0.04495 0.67260 0.01530 0.20259 0.98063 0.09584 0.60814 0.68856 0.75163 0.14972 0.35079 0.46932 0.27070 0.39728 0.46942 0.33473 0.79907 0.31924 0.59386 0.10379 0.66464 0.53742 0.18379 0.86767 0.92125 0.43720 0.48173 0.91002 0.07804 0.51453 0.18964 0.88603 0.38662 0.41483 0.93060 0.08455 0.05584 0.65917 0.48941 0.83469 0.92048 0.82863 0.39663 0.26539 0.07050 0.23099 0.45102 0.23676 0.32689 0.86175 0.65819 0.75555 0.44881 0.73606 0.27488 0.24223 0.00043 0.87804 0.73794 0.91198 0.15134 0.78941 0.22300 0.22271 0.11481 0.13882 0.55600 0.87995 0.49081 0.15875 0.94810 0.42335 0.17948 0.50670 0.20888 0.38558 0.46793 0.82138 0.36699 0.05972 0.59894 0.45128 0.22516 0.30124 0.12677 0.89657 0.09749 0.60629 0.10080 0.77743 0.02495 0.66102 0.07877 0.69805 0.24772 0.31692 0.84678 0.29708 0.83464 0.35186 0.87107 0.56952 0.07257 0.63778 0.31724 0.00354 0.75698 0.65183 0.28479 0.01489 0.12606 0.29815 0.00854 0.10821 0.98137 0.05517 0.78420 0.90956 0.71035 0.21773 0.14678 0.91755 0.79201 0.69533 0.30385 0.30741 0.38515 0.27402 0.95108 0.73833 0.49973 0.27610 0.51380 0.21469 0.79926 0.52142 0.48743 0.95868 0.05979 0.43485 0.96135 0.96045 0.95973 0.13714 0.80805 0.42522 0.57111 0.89242 0.64687
0.79805 0.43004 0.49174 0.82998 0.18041 0.21312 0.44003 0.72045 0.70606 0.40444 0.00000 0.14496 0.04073 0.94624 0.63623 0.01405 0.99047 0.65698 0.05208 0.10974 0.54743 0.89259 0.19025 0.09866 0.00634 0.91496 0.89002 0.32971 0.79863 0.12202 0.34005 0.37094 0.58876 0.25076 0.13560 0.93662 0.38646 0.73811 0.33070 0.80146 0.11204 0.56369 0.98965 0.71734 0.63295 0.58270 0.52485 0.73025 0.28628 0.08286 0.27748 0.25053 0.90358 0.43751 0.47982 0.28680 0.62343 0.20966 0.95754 0.87112 0.57136 0.96806 0.57821 0.31903 0.89761 0.04285 0.77202 0.77110 0.91732 0.54502 0.72575 0.00305 0.96646 0.64856 0.50637 0.78403 0.28380 0.39205 0.01233 0.02840 0.73802 0.66072 0.22535 0.91629 0.60378 0.49252 0.20487 0.50462 0.91451 0.29400 0.92480 0.22250 0.39208 0.86688 0.63781 0.49211 0.91064 0.12819 0.88164 0.53371 0.81043 0.15044 0.58708 0.36037 0.29904 0.97179 0.17329 0.11633 0.55422 0.53814 0.99067 0.29393 0.09279 0.20678 0.60059 0.28552 0.73227 0.00762 0.10801 0.83305 0.61800 0.89648 0.33916 0.65682 0.04242 0.67800 0.08245 0.20186 0.91872 0.38347 0.81861 0.51345 0.23799 0.42141 0.00850 0.02055 0.55131 0.76250 0.53092 0.61799 0.48734 0.72342 0.00108 0.16492 0.37538 0.40553 0.28644 0.87514 0.03512 0.46122 0.22225 0.88787 0.91115 0.71743 0.38584 0.90564 0.61265 0.98540 0.56521 0.33314 0.70690 0.81509 0.70041 0.68317 0.94546 0.30728 0.80423 0.24920 0.43391 0.88951 0.83526 0.96820 0.89614 0.02109 0.04044 0.97600 0.38636 0.89464 0.07952 0.59301 0.13017 0.15130 0.90306 0.65629 0.06577 0.51616 0.69945 0.57954 0.45059 0.17032 0.51378 0.97537 0.91669 0.74364 0.17249 0.05839 0.58979 0.71953 0.24306 0.62572
0.57996 0.44582 0.86848 0.88528 0.76211 0.53629 0.72922 0.49312 0.82697 0.27252 0.14496 0.00000 0.34136 0.59410 0.44854 0.11411 0.96959 0.99318 0.15478 0.96440 0.46176 0.70315 0.91379 0.17963 0.50591 0.67674 0.46478 0.05867 0.88136 0.47691 0.48856 0.46908 0.05090 0.72226 0.05944 0.45043 0.88216 0.52662 0.72784 0.83878 0.94674 0.60847 0.13743 0.55546 0.31240 0.62503 0.90679 0.51618 0.25000 0.45385 0.99592 0.29148 0.48296 0.54321 0.39540 0.37089 0.77187 0.04318 0.44500 0.27874 0.44380 0.95590 0.23209 0.55074 0.27942 0.76447 0.30014 0.06897 0.07551 0.73369 0.58794 0.32815 0.53098 0.34577 0.04156 0.98736 0.06462 0.53243 0.73833 0.05166 0.35045 0.12893 0.76605 0.56987 0.00762 0.23101 0.18837 0.05002 0.14275 0.16434 0.48548 0.78598 0.35654 0.18706 0.54816 0.12523 0.81489 0.21996 0.39337 0.04220 0.28466 0.91556 0.52228 0.44975 0.55695 0.96996 0.42256 0.27718 0.42324 0.31554 0.45622 0.70927 0.86852 0.26516 0.55092 0.70528 0.03924 0.91724 0.87448 0.19503 0.62509 0.79027 0.80105 0.58103 0.80160 0.23393 0.33691 0.60376 0.23105 0.46412 0.44940 0.93294 0.38531 0.44868 0.37928 0.05482 0.94920 0.49084 0.84037 0.88968 0.57299 0.31741 0.20808 0.14417 0.13711 0.22206 0.23645 0.03222 0.66926 0.78019 0.45168 0.93555 0.22721 0.41492 0.72056 0.30090 0.74156 0.97817 0.84355 0.05701 0.36315 0.46566 0.86037 0.10404 0.02806 0.49285 0.48453 0.89297 0.47821 0.87643 0.90800 0.79197 0.73504 0.29017 0.41161 0.92026 0.27581 0.25328 0.37165 0.12395 0.34817 0.17290 0.18940 0.87068 0.73694 0.48469 0.72548 0.17550 0.36090 0.69122 0.39715 0.21874 0.95263 0.05753 0.87314 0.55927 0.15158 0.18829 0.01339 0.01368
0.90749 0.89578 0.67997 0.91005 0.02230 0.69910 0.06589 0.31722 0.20038 0.83882 0.04073 0.34136 0.00000 0.74320 0.07196 0.32732 0.80582 0.97159 0.21446 0.44581 0.06848 0.37999 0.28719 0.78445 0.67924 0.02911 0.07754 0.43936 0.71454 0.61407 0.35680 0.75411 0.57909 0.84999 0.21659 0.68424 0.92720 0.37818 0.41799 0.49996 0.85132 0.04071 0.47550 0.67327 0.37751 0.66618 0.46944 0.35194 0.21964 0.87030 0.33454 0.29951 0.70217 0.73413 0.14637 0.27302 0.18648 0.27434 0.76270 0.08954 0.17483 0.82027 0.29647 0.41432 0.70755 0.45329 0.39172 0.59411 0.67437 0.25343 0.34592 0.68846 0.86547 0.72065 0.57570 0.53622 0.78525 0.04717 0.23737 0.02508 0.24306 0.57013 0.48007 0.83711 0.22065 0.15837 0.53370 0.95404 0.04140 0.85956 0.30117 0.31688 0.09512 0.05769 0.44199 0.81095 0.36390 0.38124 0.81854 0.11008 0.17955 0.68207 0.50881 0.13832 0.15634 0.33835 0.89403 0.04901 0.84832 0.94126 0.25114 0.49863 0.83393 0.02467 0.89126 0.10242 0.65482 0.93560 0.82803 0.48787 0.27133 0.12013 0.50780 0.69135 0.06305 0.64722 0.78974 0.20619 0.26957 0.29491 0.27700 0.52660 0.99660 0.80718 0.55265 0.76239 0.88795 0.70339 0.14605 0.22552 0.35851 0.55794 0.27903 0.90190 0.15909 0.42726 0.12017 0.33333 0.79110 0.19877 0.94539 0.22017 0.54027 0.91539 0.08958 0.60426 0.78181 0.88557 0.18272 0.10128 0.10488 0.60917 0.71735 0.87967 0.25671 0.53966 0.02936 0.60831 0.50905 0.67753 0.63904 0.29648 0.54693 0.08801 0.87887 0.46642 0.31241 0.87737 0.79035 0.76682 0.62708 0.50505 0.31191 0.92258 0.07275 0.57740 0.58343 0.79022 0.61275 0.83537 0.03324 0.53694 0.54877 0.05085 0.99555 0.59131 0.17753 0.92272 0.64731 0.83499
0.89132 0.20913 0.06372 0.11931 0.72721 0.94964 0.05836 0.89073 0.31239 0.89306 0.94624 0.59410 0.74320 0.00000 0.10021 0.68088 0.05133 0.61804 0.02991 0.69713 0.57720 0.60870 0.48267 0.54197 0.83779 0.12934 0.94841 0.13134 0.95676 0.65202 0.80740 0.61982 0.89379 0.02730 0.02834 0.80936 0.61104 0.99181 0.93304 0.70719 0.38695 0.74370 0.10512 0.07755 0.28876 0.94096 0.78496 0.93923 0.90575 0.68144 0.62115 0.18371 0.83321 0.85896 0.10564 0.06923 0.40014 0.76570 0.82639 0.78564 0.94689 0.22239 0.60006 0.45864 0.50801 0.26103 0.01593 0.71780 0.50037 0.73923 0.63608 0.72096 0.05953 0.49588 0.88017 0.95855 0.53076 0.62591 0.60954 0.47008 0.46896 0.36974 0.83277 0.38504 0.37781 0.04027 0.38345 0.67643 0.37264 0.31722 0.67807 0.18584 0.58365 0.50638 0.32989 0.41387 0.29377 0.13969 0.57871 0.33666 0.57268 0.85244 0.32543 0.52993 0.94129 0.49589 0.64076 0.83786 0.50729 0.70166 0.57565 0.10079 0.58147 0.24662 0.62199 0.96365 0.67928 0.17473 0.49952 0.09532 0.24531 0.48760 0.78916 0.18422 0.36212 0.85061 0.39710 0.91727 0.06792 0.19162 0.93805 0.46715 0.80117 0.57612 0.90504 0.46575 0.14360 0.33927 0.46961 0.71970 0.57565 0.01513 0.37120 0.41153 0.86257 0.06215 0.18669 0.71209 0.95502 0.77549 0.09113 0.74686 0.19639 0.19148 0.07537 0.25723 0.77796 0.41245 0.62879 0.16322 0.29010 0.36683 0.13588 0.00446 0.00975 0.10065 0.20056 0.03616 0.24474 0.51844 0.01890 0.45647 0.14118 0.80994 0.64545 0.80155 0.64456 0.94333 0.05877 0.14442 0.41894 0.13755 0.26123 0.81220 0.44028 0.25379 0.84747 0.59527 0.81111 0.26847 0.80928 0.25660 0.98644 0.11172 0.43994 0.93829 0.38810 0.60471 0.62713 0.07849
0.28287 0.08815 0.02214 0.16172 0.00111 0.79658 0.19253 0.29950 0.02257 0.02165 0.63623 0.44854 0.07196 0.10021 0.00000 0.32280 0.98854 0.96194 0.80460 0.58560 0.23458 0.90027 0.25727 0.34301 0.06339 0.72239 0.38422 0.97196 0.31957 0.74071 0.40825 0.35982 0.92398 0.41045 0.29625 0.87174 0.25948 0.22932 0.81536 0.11271 0.29725 0.88865 0.94253 0.01428 0.30808 0.42105 0.17394 0.26529 0.94477 0.23605 0.60434 0.78423 0.67117 0.87585 0.45837 0.98968 0.76847 0.39590 0.48672 0.51432 0.15207 0.64226 0.03242 0.58646 0.86656 0.37271 0.11004 0.02845 0.31777 0.82711 0.18080 0.62255 0.57478 0.26525 0.02757 0.70385 0.23316 0.23420 0.48327 0.34318 0.02666 0.25719 0.63318 0.76264 0.63169 0.62957 0.15782 0.14400 0.55620 0.84629 0.60201 0.33599 0.11353 0.49877 0.73887 0.42989 0.33691 0.16000 0.66672 0.26519 0.53153 0.41416 0.89155 0.05858 0.80721 0.48153 0.11146 0.17530 0.92583 0.86778 0.50184 0.34955 0.28649 0.06979 0.54496 0.17620 0.43437 0.98311 0.84693 0.45001 0.70131 0.12722 0.53864 0.52811 0.26121 0.94305 0.27701 0.17257 0.16715 0.78978 0.02886 0.41818 0.84087 0.62602 0.27720 0.85321 0.85488 0.52489 0.38320 0.40735 0.05684 0.56245 0.47263 0.11128 0.82253 0.00048 0.11990 0.45065 0.65276 0.22752 0.41225 0.98093 0.10341 0.30380 0.71825 0.37786 0.13031 0.41266 0.03518 0.12610 0.71875 0.12771 0.02498 0.41832 0.66001 0.49458 0.24841 0.93635 0.80061 0.86034 0.76866 0.31784 0.33145 0.78864 0.50993 0.14374 0.20917 0.39385 0.47995 0.44805 0.43463 0.49497 0.57462 0.60342 0.60445 0.55201 0.91472 0.76880 0.54172 0.33641 0.98774 0.79069 0.17714 0.43903 0.22891 0.52266 0.82622 0.37623 0.91351 0.61102
0.44618 0.15493 0.50279 0.83459 0.73769 0.74372 0.00095 0.23775 0.32255 0.46314 0.01405 0.11411 0.32732 0.68088 0.32280 0.00000 0.57387 0.77661 0.26273 0.40188 0.43480 0.60274 0.98379 0.25262 0.88830 0.40641 0.38942 0.58118 0.09026 0.28837 0.73292 0.03791 0.99308 0.88123 0.45624 0.17545 0.30772 0.00921 0.18855 0.20348 0.53872 0.65847 0.37623 0.90940 0.71222 0.87363 0.99890 0.07419 0.81125 0.84921 0.15659 0.09611 0.99715 0.21057 0.86076 0.96963 0.36998 0.04388 0.84876 0.98142 0.06350 0.11634 0.72958 0.28802 0.82008 0.66857 0.94128 0.54615 0.92253 0.32386 0.82607 0.05864 0.44123 0.12017 0.44634 0.71450 0.85756 0.57711 0.02472 0.29583 0.65970 0.35170 0.88039 0.32094 0.20002 0.17010 0.92983 0.87043 0.63779 0.75716 0.25015 0.86340 0.21718 0.37549 0.43645 0.11523 0.33046 0.92224 0.59263 0.86834 0.51092 0.54132 0.25651 0.23919 0.74671 0.42717 0.73295 0.65505 0.16587 0.17833 0.55319 0.59141 0.27486 0.35311 0.79400 0.42630 0.35613 0.01121 0.20621 0.99653 0.86633 0.43606 0.12623 0.77805 0.74483 0.68590 0.01733 0.57310 0.82875 0.52495 0.26129 0.15145 0.02659 0.32988 0.70104 0.45761 0.51113 0.74646 0.44817 0.04621 0.12736 0.81670 0.42466 0.12671 0.67710 0.61902 0.67183 0.44961 0.58020 0.39321 0.87939 0.03508 0.88262 0.72289 0.86128 0.43980 0.57124 0.18790 0.05634 0.03581 0.01631 0.27496 0.94386 0.91928 0.35962 0.25552 0.23411 0.86000 0.44610 0.24436 0.25679 0.31782 0.51452 0.43785 0.95238 0.51032 0.33221 0.15282 0.95053 0.11678 0.03504 0.18474 0.64587 0.37490 0.76568 0.41467 0.98652 0.33809 0.06648 0.90900 0.04244 0.56839 0.67171 0.22158 0.83156 0.28067 0.99091 0.14358 0.40253 0.19126
0.37030 0.58226 0.30651 0.84358 0.83212 0.87061 0.08214 0.80871 0.34220 0.38604 0.99047 0.96959 0.80582 0.05133 0.98854 0.57387 0.00000 0.92700 0.28129 0.25458 0.83523 0.94806 0.49602 0.03685 0.31480 0.21891 0.93075 0.80407 0.60501 0.32624 0.38508 0.58455 0.16654 0.42005 0.27549 0.76435 0.81862 0.02236 0.96862 0.05085 0.12446 0.71040 0.81852 0.93015 0.29426 0.73795 0.25463 0.95121 0.88930 0.91516 0.77903 0.35215 0.65837 0.40011 0.53251 0.75862 0.13265 0.88647 0.46013 0.77896 0.68341 0.82174 0.17623 0.39861 0.48220 0.29972 0.33438 0.90861 0.93366 0.65528 0.90517 0.11360 0.24044 0.33111 0.88900 0.89671 0.39940 0.04029 0.05690 0.75462 0.09780 0.20384 0.83874 0.58260 0.72585 0.02255 0.94895 0.37327 0.34231 0.10677 0.98413 0.01030 0.76983 0.31741 0.61279 0.62692 0.92772 0.53322 0.88509 0.20474 0.99939 0.35978 0.54528 0.07257 0.70731 0.03796 0.53845 0.43953 0.54692 0.60289 0.85706 0.79635 0.97739 0.79196 0.18031 0.44533 0.87976 0.50609 0.46961 0.59366 0.94864 0.75542 0.52015 0.02325 0.65504 0.04877 0.14098 0.93938 0.59409 0.71003 0.52430 0.76607 0.70676 0.84048 0.64191 0.80072 0.97802 0.33818 0.41742 0.21627 0.32220 0.81415 0.57871 0.45528 0.32088 0.06106 0.41703 0.78568 0.63753 0.23234 0.90696 0.70961 0.59288 0.08569 0.95465 0.68757 0.18472 0.96119 0.64951 0.97459 0.40968 0.68968 0.84466 0.65811 0.42820 0.54115 0.31668 0.51925 0.37266 0.42129 0.74113 0.45200 0.57417 0.60517 0.40078 0.98490 0.44390 0.78333 0.63389 0.35169 0.30081 0.73245 0.55694 0.20959 0.15498 0.09500 0.20095 0.66429 0.31396 0.85671 0.81956 0.66336 0.87960 0.43102 0.63186 0.03106 0.15922 0.29673 0.48366 0.10647
0.59095 0.98613 0.76237 0.27904 0.93055 0.89896 0.54822 0.73813 0.71412 0.35976 0.65698 0.99318 0.97159 0.61804 0.96194 0.77661 0.92700 0.00000 0.45126 0.38808 0.91826 0.27710 0.47581 0.08390 0.79643 0.44732 0.40996 0.86510 0.22267 0.10778 0.35843 0.04815 0.11817 0.12759 0.32692 0.37107 0.52249 0.48269 0.06610 0.11186 0.50783 0.41199 0.67932 0.97595 0.67672 0.81283 0.37303 0.99178 0.20649 0.59781 0.27054 0.12902 0.67959 0.03981 0.04210 0.12547 0.33887 0.23470 0.42769 0.04266 0.46872 0.36919 0.10693 0.19224 0.00327 0.81976 0.37266 0.43342 0.34921 0.38946 0.48238 0.51444 0.11575 0.04310 0.75281 0.67064 0.99292 0.89483 0.96884 0.64700 0.21922 0.43785 0.10934 0.84498 0.51097 0.00557 0.95108 0.84968 0.91886 0.92692 0.50245 0.87996 0.71153 0.41097 0.91466 0.84760 0.82689 0.67562 0.58101 0.48242 0.59218 0.75578 0.58703 0.44514 0.91531 0.68397 0.63296 0.55416 0.66533 0.60242 0.97409 0.26111 0.27672 0.39545 0.90287 0.40825 0.36373 0.29132 0.90742 0.84020 0.88729 0.89678 0.74422 0.83125 0.20633 0.58962 0.52141 0.83239 0.57022 0.86364 0.81502 0.59891 0.94137 0.59621 0.82315 0.55257 0.73753 0.24979 0.71434 0.92752 0.27788 0.21803 0.08447 0.66115 0.96609 0.60373 0.58329 0.45997 0.24124 0.44940 0.94290 0.71534 0.08543 0.46818 0.02740 0.52081 0.99117 0.69265 0.89197 0.04881 0.61133 0.91689 0.13864 0.78559 0.30925 0.81699 0.06191 0.48883 0.57782 0.72496 0.78353 0.84048 0.69359 0.23615 0.29772 0.73030 0.85829 0.21935 0.91266 0.78156 0.24369 0.85969 0.95936 0.50710 0.04267 0.58066 0.94275 0.68791 0.06933 0.07023 0.86295 0.28283 0.42053 0.09651 0.49922 0.29150 0.10462 0.42814 0.32433 0.43181
0.25746 0.44515 0.81420 0.53308 0.76251 0.30970 0.22150 0.62754 0.95388 0.07243 0.05208 0.15478 0.21446 0.02991 0.80460 0.26273 0.28129 0.45126 0.00000 0.51023 0.74083 0.58882 0.90544 0.78982 0.67130 0.94397 0.70810 0.76877 0.26406 0.10506 0.85415 0.66396 0.97163 0.77204 0.58434 0.87590 0.67935 0.24587 0.85508 0.86235 0.28420 0.56845 0.23294 0.82713 0.89956 0.03372 0.84638 0.79739 0.99190 0.82011 0.84450 0.89649 0.51391 0.31349 0.65105 0.34326 0.02172 0.21253 0.02365 0.99137 0.62241 0.83394 0.84767 0.33410 0.67924 0.40876 0.28706 0.13202 0.10423 0.94317 0.24548 0.92136 0.75464 0.80930 0.07040 0.90278 0.77707 0.43075 0.52036 0.96080 0.37572 0.62684 0.64241 0.85256 0.07674 0.86232 0.79762 0.06882 0.71150 0.40925 0.04003 0.32975 0.96391 0.92113 0.67470 0.18760 0.36788 0.01639 0.59966 0.56072 0.35742 0.89426 0.98545 0.28063 0.65289 0.74180 0.01712 0.09498 0.49957 0.68463 0.90264 0.49468 0.90835 0.74394 0.07238 0.75585 0.66591 0.72858 0.11640 0.22826 0.19380 0.10537 0.92145 0.25379 0.50928 0.83308 0.25870 0.54283 0.75239 0.68156 0.95300 0.19354 0.86590 0.38799 0.07647 0.46181 0.60768 0.23140 0.22984 0.98978 0.34433 0.05314 0.22844 0.16559 0.99279 0.49523 0.06727 0.37402 0.55344 0.15687 0.93056 0.95747 0.00029 0.05383 0.00436 0.36206 0.20253 0.62033 0.42372 0.16485 0.24540 0.41680 0.49474 0.55482 0.89711 0.96060 0.53786 0.77217 0.30770 0.72941 0.65378 0.08773 0.59855 0.73660 0.27522 0.83585 0.43341 0.19253 0.28026 0.44775 0.00717 0.20089 0.36551 0.75210 0.76140 0.67932 0.85605 0.18811 0.32991 0.49664 0.76883 0.89413 0.57335 0.13186 0.96720 0.17165 0.44582 0.15341 0.94397 0.49095
0.16435 0.66074 0.74787 0.69398 0.07336 0.37651 0.24393 0.32269 0.83536 0.05057 0.10974 0.96440 0.44581 0.69713 0.58560 0.40188 0.25458 0.38808 0.51023 0.00000 0.94879 0.37169 0.02405 0.61116 0.21891 0.06410 0.10368 0.44188 0.55102 0.51373 0.20841 0.78190 0.41721 0.49701 0.36592 0.51237 0.02973 0.76513 0.67961 0.16080 0.31331 0.53396 0.72480 0.56250 0.97366 0.30956 0.67025 0.79236 0.82641 0.09125 0.73041 0.39639 0.42454 0.70330 0.05008 0.56651 0.34101 0.09681 0.35244 0.27536 0.87186 0.28210 0.39436 0.22966 0.15014 0.90857 0.64332 0.26486 0.41177 0.94567 0.21412 0.46243 0.61129 0.47832 0.64916 0.59850 0.74173 0.10504 0.00822 0.87673 0.08812 0.27022 0.66029 0.50529 0.00030 0.74609 0.65512 0.54602 0.61881 0.55361 0.30352 0.40201 0.17339 0.88012 0.25190 0.01163 0.20385 0.83197 0.14535 0.22753 0.80106 0.62431 0.77385 0.69228 0.31240 0.98070 0.74238 0.69733 0.47054 0.84864 0.76582 0.72379 0.00415 0.04453 0.19399 0.24435 0.36238 0.81118 0.07250 0.73669 0.13449 0.32669 0.34539 0.59039 0.05075 0.80460 0.26467 0.32505 0.09891 0.32276 0.56609 0.08668 0.62283 0.16259 0.90394 0.60934 0.26399 0.50476 0.56273 0.52328 0.25219 0.71725 0.46624 0.70055 0.93328 0.72815 0.51856 0.78969 0.25578 0.09050 0.09512 0.80519 0.89146 0.18977 0.22134 0.83478 0.55387 0.97883 0.15333 0.22352 0.17479 0.02909 0.84761 0.22521 0.98490 0.48841 0.31794 0.83387 0.90784 0.14187 0.02204 0.27860 0.14085 0.19857 0.58657 0.54408 0.49267 0.52905 0.42311 0.33228 0.54373 0.85083 0.65798 0.29534 0.54687 0.64846 0.56488 0.42889 0.17135 0.17599 0.17711 0.36981 0.15586 0.71116 0.70335 0.03392 0.74644 0.65844 0.11622 0.22275
0.10567 0.72622 0.74971 0.52453 0.94948 0.02770 0.61328 0.90522 0.97478 0.83700 0.54743 0.46176 0.06848 0.57720 0.23458 0.43480 0.83523 0.91826 0.74083 0.94879 0.00000 0.30577 0.19260 0.73093 0.75298 0.23248 0.17575 0.99953 0.76133 0.84960 0.49360 0.85680 0.18826 0.34391 0.73272 0.79262 0.66026 0.22189 0.78833 0.34207 0.95879 0.88433 0.45040 0.08581 0.43181 0.30592 0.35191 0.81236 0.21325 0.52618 0.44111 0.96802 0.02207 0.98184 0.51764 0.47998 0.10668 0.97154 0.01883 0.79882 0.07755 0.05299 0.64737 0.15034 0.35763 0.27918 0.88336 0.01338 0.15194 0.95533 0.19647 0.59350 0.28915 0.07788 0.94076 0.06892 0.79522 0.26480 0.99140 0.29553 0.82510 0.25174 0.78900 0.51950 0.13855 0.17494 0.44423 0.01393 0.05175 0.21422 0.90525 0.01361 0.71830 0.07937 0.27519 0.16857 0.64897 0.53427 0.32661 0.55652 0.70515 0.77187 0.87644 0.58283 0.18733 0.33908 0.02153 0.01369 0.39277 0.27788 0.59779 0.86343 0.98290 0.95480 0.42326 0.80606 0.50909 0.04452 0.89734 0.12375 0.58960 0.71163 0.42348 0.43157 0.36471 0.03368 0.07952 0.26127 0.74153 0.03957 0.68965 0.53791 0.89582 0.37738 0.10872 0.07331 0.68923 0.23734 0.46159 0.10881 0.80320 0.69402 0.92231 0.19816 0.15293 0.34766 0.46127 0.58145 0.45261 0.90049 0.87101 0.56402 0.08216 0.71655 0.77544 0.13856 0.84298 0.37352 0.52182 0.88798 0.84149 0.00104 0.00862 0.15690 0.28460 0.64517 0.99105 0.42715 0.07526 0.82589 0.83362 0.27033 0.91038 0.47648 0.93662 0.36860 0.99304 0.78536 0.36109 0.12706 0.72463 0.62721 0.57428 0.06856 0.30026 0.30594 0.89996 0.91235 0.71988 0.98634 0.38042 0.26362 0.10304 0.18591 0.34234 0.71357 0.22676 0.59216 0.50323 0.32337
0.46662 0.93937 0.39605 0.81774 0.70591 0.27791 0.58146 0.09828 0.12361 0.27319 0.89259 0.70315 0.37999 0.60870 0.90027 0.60274 0.94806 0.27710 0.58882 0.37169 0.30577 0.00000 0.53315 0.93248 0.80700 0.59241 0.10528 0.39889 0.15642 0.44580 0.93155 0.68487 0.79978 0.31627 0.74056 0.98597 0.64986 0.36549 0.83495 0.31606 0.50361 0.76947 0.21018 0.95105 0.24200 0.05131 0.40566 0.02316 0.00658 0.85862 0.13357 0.06277 0.67159 0.79565 0.75071 0.99630 0.14280 0.31580 0.20877 0.76565 0.27814 0.03151 0.67894 0.29147 0.87740 0.28719 0.00465 0.63475 0.29473 0.68594 0.73005 0.08972 0.78027 0.34648 0.94365 0.91592 0.11252 0.99150 0.01467 0.36642 0.88460 0.89321 0.20767 0.13499 0.41177 0.53536 0.61336 0.70910 0.45693 0.21144 0.84612 0.79761 0.43427 0.08911 0.10525 0.18704 0.08833 0.58065 0.81510 0.99878 0.76554 0.83650 0.86292 0.87968 0.85783 0.27334 0.37106 0.13349 0.29531 0.03386 0.05498 0.48347 0.45048 0.63278 0.25593 0.02406 0.43811 0.68670 0.08797 0.15294 0.03820 0.70769 0.58926 0.50041 0.46015 0.09719 0.46137 0.32222 0.18924 0.89492 0.52706 0.47534 0.72442 0.76537 0.22024 0.03531 0.49424 0.02826 0.45577 0.46549 0.15050 0.83548 0.99583 0.81436 0.65408 0.50854 0.32428 0.71479 0.36094 0.87190 0.65320 0.66626 0.46827 0.76532 0.86984 0.22379 0.51639 0.43899 0.40431 0.78279 0.35663 0.96148 0.57434 0.55085 0.78200 0.82147 0.58909 0.90098 0.07697 0.15566 0.94957 0.93298 0.25648 0.12083 0.94417 0.56886 0.81367 0.09580 0.91353 0.77608 0.82333 0.95514 0.12329 0.91316 0.24666 0.65326 0.31940 0.35237 0.27428 0.60589 0.82774 0.67867 0.06856 0.78508 0.37760 0.77331 0.35520 0.79381 0.72888 0.75315
0.54550 0.35744 0.41509 0.67649 0.47426 0.26929 0.78449 0.13123 0.93255 0.99334 0.19025 0.91379 0.28719 0.48267 0.25727 0.98379 0.49602 0.47581 0.90544 0.02405 0.19260 0.53315 0.00000 0.99075 0.43979 0.49560 0.59516 0.58588 0.15859 0.27664 0.96280 0.37132 0.48013 0.00410 0.77262 0.73954 0.05311 0.35189 0.54155 0.13706 0.57392 0.25561 0.72310 0.66139 0.66572 0.23665 0.30258 0.17209 0.65454 0.40633 0.64540 0.21338 0.63675 0.63572 0.68065 0.38902 0.57281 0.11039 0.24775 0.30637 0.50690 0.21385 0.16453 0.80285 0.24154 0.93027 0.67139 0.80738 0.32904 0.22778 0.04694 0.01999 0.56828 0.07999 0.00041 0.57722 0.53928 0.05934 0.41240 0.33845 0.99366 0.85712 0.74409 0.98053 0.55157 0.24612 0.15642 0.73709 0.71952 0.31835 0.94252 0.86932 0.08941 0.42112 0.49781 0.30396 0.85912 0.63557 0.13425 0.82826 0.63433 0.70962 0.39364 0.95520 0.62821 0.54563 0.74346 0.33039 0.94498 0.50997 0.18335 0.45839 0.04468 0.23014 0.61386 0.00635 0.70064 0.90313 0.73640 0.25710 0.80081 0.75752 0.78126 0.81817 0.65159 0.76220 0.43206 0.01334 0.85220 0.58329 0.34379 0.40707 0.31025 0.52701 0.40629 0.12748 0.49740 0.19407 0.16880 0.96031 0.74943 0.63449 0.49110 0.08307 0.42366 0.94799 0.49333 0.77450 0.74972 0.85673 0.65828 0.49075 0.79685 0.64937 0.17197 0.49326 0.90033 0.02772 0.19011 0.80151 0.56167 0.71351 0.32747 0.29701 0.25709 0.23502 0.27025 0.59865 0.72220 0.72511 0.87489 0.70378 0.92734 0.67460 0.22197 0.92391 0.25282 0.35232 0.96339 0.75968 0.45100 0.33407 0.54988 0.23512 0.45476 0.58477 0.85460 0.36638 0.39401 0.95338 0.07988 0.18914 0.99217 0.46744 0.01741 0.11719 0.45592 0.56681 0.03455 0.95743
0.98688 0.83401 0.51226 0.68246 0.33752 0.14314 0.66797 0.72602 0.28993 0.18093 0.09866 0.17963 0.78445 0.54197 0.34301 0.25262 0.03685 0.08390 0.78982 0.61116 0.73093 0.93248 0.99075 0.00000 0.53366 0.20388 0.14730 0.33397 0.59631 0.19377 0.31972 0.11904 0.97384 0.06809 0.58865 0.58714 0.38483 0.22396 0.17454 0.74021 0.78741 0.58809 0.63889 0.73934 0.27205 0.09508 0.79986 0.16486 0.23256 0.57169 0.33686 0.92468 0.67414 0.24530 0.51026 0.93931 0.01202 0.56637 0.05113 0.30185 0.88825 0.17996 0.78295 0.08148 0.31652 0.16095 0.43249 0.99748 0.43925 0.28755 0.89008 0.84758 0.74268 0.37338 0.21370 0.36440 0.90096 0.84990 0.14059 0.22044 0.46243 0.94099 0.82885 0.86468 0.68095 0.64200 0.83483 0.08377 0.29261 0.67030 0.82472 0.19174 0.38941 0.07464 0.73323 0.01846 0.56410 0.46219 0.61000 0.66506 0.90581 0.01106 0.22866 0.96951 0.51729 0.57054 0.80313 0.65851 0.86936 0.14641 0.61099 0.82333 0.24667 0.67258 0.46768 0.82351 0.83535 0.55733 0.25269 0.83329 0.80891 0.73043 0.01832 0.51176 0.64450 0.55001 0.65040 0.80315 0.41904 0.29247 0.36280 0.49253 0.68705 0.90677 0.38209 0.31834 0.26810 0.89894 0.65028 0.90667 0.41768 0.35562 0.57610 0.16983 0.74541 0.92300 0.73934 0.06462 0.75206 0.24709 0.02285 0.93931 0.86504 0.81875 0.01295 0.50791 0.27158 0.03959 0.29037 0.15126 0.72364 0.78396 0.88626 0.91816 0.23599 0.94538 0.68994 0.23092 0.66993 0.84883 0.74139 0.37233 0.69464 0.05307 0.03747 0.88455 0.94567 0.69944 0.02680 0.07429 0.27024 0.37896 0.51052 0.01544 0.37986 0.16694 0.26730 0.26849 0.49138 0.75767 0.04217 0.49412 0.31323 0.52073 0.15719 0.67930 0.36386 0.86684 0.77618 0.70359
