Número de productes: 20
1 A
2 B
3 C
4 D
5 E
6 F
7 G
8 H
9 I
10 J
11 K
12 L
13 M
14 N
15 O
16 P
17 Q
18 R
19 S
20 T
Matriu similituds:
0.00000 0.85956 0.91935 0.26920 0.53492 0.60210 0.47383 0.25949 0.00024 0.78541 0.76177 0.25071 0.72540 0.86648 0.63829 0.03267 0.92924 0.93496 0.45444 0.70067
0.85956 0.00000 0.05986 0.68888 0.07663 0.65645 0.77747 0.20265 0.64599 0.85372 0.06268 0.55487 0.39514 0.30460 0.53335 0.62448 0.57378 0.78147 0.99975 0.37051
0.91935 0.05986 0.00000 0.86351 0.06332 0.96758 0.51221 0.47282 0.88690 0.46800 0.73251 0.09831 0.59409 0.78814 0.05515 0.34913 0.02170 0.76557 0.10162 0.42954
0.26920 0.68888 0.86351 0.00000 0.36169 0.31160 0.11714 0.15319 0.08307 0.64689 0.59770 0.80578 0.86630 0.01448 0.65509 0.82784 0.20236 0.03281 0.77277 0.89734
0.53492 0.07663 0.06332 0.36169 0.00000 0.31226 0.56062 0.80241 0.91475 0.69548 0.43206 0.67145 0.16171 0.37149 0.95684 0.08724 0.49765 0.21924 0.73031 0.95081
0.60210 0.65645 0.96758 0.31160 0.31226 0.00000 0.72884 0.70222 0.87637 0.59663 0.94001 0.78939 0.01259 0.67089 0.75968 0.79550 0.38063 0.36503 0.51886 0.84997
0.47383 0.77747 0.51221 0.11714 0.56062 0.72884 0.00000 0.65556 0.62673 0.82367 0.73738 0.96335 0.14291 0.88435 0.31137 0.32408 0.01468 0.96157 0.32942 0.27452
0.25949 0.20265 0.47282 0.15319 0.80241 0.70222 0.65556 0.00000 0.15636 0.34270 0.34236 0.71252 0.44076 0.48365 0.22367 0.39295 0.42881 0.30634 0.48554 0.81923
0.00024 0.64599 0.88690 0.08307 0.91475 0.87637 0.62673 0.15636 0.00000 0.06271 0.54222 0.10340 0.81443 0.04900 0.33674 0.15027 0.96815 0.86975 0.09532 0.18432
0.78541 0.85372 0.46800 0.64689 0.69548 0.59663 0.82367 0.34270 0.06271 0.00000 0.99981 0.16667 0.05540 0.12711 0.17693 0.14074 0.67888 0.86271 0.98296 0.82357
0.76177 0.06268 0.73251 0.59770 0.43206 0.94001 0.73738 0.34236 0.54222 0.99981 0.00000 0.66794 0.19525 0.82701 0.52497 0.94659 0.12442 0.96175 0.03054 0.60599
0.25071 0.55487 0.09831 0.80578 0.67145 0.78939 0.96335 0.71252 0.10340 0.16667 0.66794 0.00000 0.17382 0.27224 0.58770 0.45749 0.14581 0.54116 0.83277 0.75329
0.72540 0.39514 0.59409 0.86630 0.16171 0.01259 0.14291 0.44076 0.81443 0.05540 0.19525 0.17382 0.00000 0.42397 0.34860 0.81633 0.91540 0.67509 0.93171 0.60052
0.86648 0.30460 0.78814 0.01448 0.37149 0.67089 0.88435 0.48365 0.04900 0.12711 0.82701 0.27224 0.42397 0.00000 0.68534 0.51911 0.80750 0.68628 0.83785 0.15009
0.63829 0.53335 0.05515 0.65509 0.95684 0.75968 0.31137 0.22367 0.33674 0.17693 0.52497 0.58770 0.34860 0.68534 0.00000 0.28311 0.04066 0.76379 0.06296 0.86130
0.03267 0.62448 0.34913 0.82784 0.08724 0.79550 0.32408 0.39295 0.15027 0.14074 0.94659 0.45749 0.81633 0.51911 0.28311 0.00000 0.90054 0.73586 0.41660 0.84672
0.92924 0.57378 0.02170 0.20236 0.49765 0.38063 0.01468 0.42881 0.96815 0.67888 0.12442 0.14581 0.91540 0.80750 0.04066 0.90054 0.00000 0.13088 0.23021 0.59009
0.93496 0.78147 0.76557 0.03281 0.21924 0.36503 0.96157 0.30634 0.86975 0.86271 0.96175 0.54116 0.67509 0.68628 0.76379 0.73586 0.13088 0.00000 0.60407 0.76563
0.45444 0.99975 0.10162 0.77277 0.73031 0.51886 0.32942 0.48554 0.09532 0.98296 0.03054 0.83277 0.93171 0.83785 0.06296 0.41660 0.23021 0.60407 0.00000 0.66311
0.70067 0.37051 0.42954 0.89734 0.95081 0.84997 0.27452 0.81923 0.18432 0.82357 0.60599 0.75329 0.60052 0.15009 0.86130 0.84672 0.59009 0.76563 0.66311 0.00000
